lastAccountName: Silvention
timestamps:
  login: 1564702323679
  logout: 1564702708674
  lastteleport: 1564702181057
ipAddress: 208.82.235.2
logoutlocation:
  world: world
  x: 710.7640793830635
  y: 73.0
  z: 544.3113604634348
  yaw: 14.621216
  pitch: 21.599945
lastlocation:
  world: world
  x: 632.3000000119209
  y: 121.75672477625787
  z: 526.6965125308437
  yaw: 71.46509
  pitch: -68.10019
