lastAccountName: beastilda
timestamps:
  login: 1564550080322
  logout: 1564553452812
ipAddress: 174.52.187.114
lastlocation:
  world: world
  x: 638.1122040259513
  y: 62.0
  z: 513.2568592070679
  yaw: 138.05052
  pitch: -7.836893
logoutlocation:
  world: world
  x: 688.2920721874383
  y: 67.0625
  z: 488.62469057196654
  yaw: -101.397644
  pitch: -22.319342
