lastAccountName: sydpick
timestamps:
  login: 1563928397480
  logout: 1563930615183
ipAddress: 174.52.104.32
logoutlocation:
  world: world
  x: 671.5
  y: 63.0
  z: 527.5
  yaw: -99.14992
  pitch: 17.850004
