world: world
x: 781.1968038061121
y: 63.5
z: 550.0395134676531
yaw: -68.5048
pitch: -1.1996988
name: bottom
lastowner: a4aa75f4-b844-444a-a24a-ae909cf2342a
