world: world
x: 194.7187251858562
y: 69.0
z: -238.49031980904917
yaw: -109.329346
pitch: 11.549994
name: home
lastowner: a4aa75f4-b844-444a-a24a-ae909cf2342a
