world: world
x: 787.0750186690649
y: 177.0
z: 577.776991741926
yaw: 179.44067
pitch: 25.650414
name: top
lastowner: a4aa75f4-b844-444a-a24a-ae909cf2342a
